304473
306873
316815
321278
324121
335252
339736
341095
341313
341567
351458
352230
352446
354144
356358
360880
361959
365097
367759
371271
377742
380633
389773
391804
396149
398037
398169
400022
400022
400022
400022
400022
400022
400022
400022
400022
400022
400022
400022
400022
400022
400022
400022
400022
400022
400022
400022
400022
400022
400022
400022
400022
400022
400022
400022
400022
400022
400022
400022
400022
400022
400022
400022
400022
400022
400022
400022
400022
400022
400022
400022
400022
400022
400022
400022
400022
400022
400022
400022
400022
400023
400023
400023
400023
400167
400177
400204
400218
400218
400236
400287
400328
400344
400344
400344
400344
400344
400344
400344
400344
400344
400570
400602
400821
400899
400899
400908
400936
400982
401105
401105
401119
401119
401154
401154
401154
401154
401154
401154
401154
401171
401171
401171
401543
401549
401644
401644
402018
402018
402018
402018
402020
402020
402047
402047
402066
402087
402201
402201
402347
402347
402372
402944
402944
403015
403212
403240
403240
403488
403577
403623
403623
403623
403649
403729
403766
403766
403766
403766
403766
403766
403784
403784
403784
403784
403784
403905
403905
403948
403995
403995
403995
404594
404594
404644
404692
405206
405339
405537
405610
405610
405768
406032
406032
406041
406042
406042
406042
406042
406042
406049
406049
406049
406051
406095
406095
406095
406095
406095
406095
406095
406095
406095
406095
406095
406095
406095
406095
406095
406095
406095
406095
407166
407204
407221
408104
408104
408521
408522
408538
408586
408586
408635
408653
408653
408653
408655
408655
408682
408687
408687
408691
408880
409261
409263
409299
409311
409758
409758
409758
409758
409758
409758
409758
409758
410039
410039
410039
410039
410039
410039
410039
410039
410039
410039
410039
410039
410039
410039
410039
410039
410039
410039
410039
410039
410039
410039
410039
410040
410040
410064
410100
410262
410489
410700
410707
410836
410846
410881
410881
410881
410881
410881
410881
410894
410894
410894
411079
411079
411127
411352
411534
411600
411600
411600
411600
411770
411770
411770
411770
411770
411773
411773
411773
411773
411773
411773
411774
411774
411774
411774
411776
411776
411776
411776
411810
411810
411810
411820
411823
411823
411878
412042
412061
412061
412138
412138
412138
412278
412451
412451
412451
412451
412624
412654
413001
413148
413171
413171
413177
413177
413196
413331
413358
413575
413611
413790
413924
413995
414104
414127
414221
414397
414398
414398
414398
414398
414398
414398
414446
414468
414548
414628
414709
414709
414709
414709
414709
414709
414709
414709
414709
414709
414709
414709
414709
414709
414709
414709
414709
414709
414709
414709
414709
414709
414709
414718
414718
414718
414718
414718
414718
414718
414718
414718
414718
414718
414718
414718
414718
414718
414718
414718
414718
414718
414718
414718
414718
414718
414720
414720
414720
414720
414720
414720
414720
414720
414720
414720
414720
414720
414720
414720
414720
414720
414720
414720
414720
414720
414720
414720
414720
414720
414720
414720
414720
414720
414720
414720
414720
414720
414720
414720
414720
414720
414720
414720
414720
414720
414720
414720
414720
414720
414720
414720
414734
414734
414734
414734
414737
414740
414740
414740
414740
414740
414740
414740
414740
414740
414740
414740
414740
414740
414740
414740
414740
414740
414740
414740
414740
414740
414740
414740
414740
414740
414740
414740
414740
414740
414740
414740
414740
414740
414740
414740
414740
414740
414778
414932
414932
415115
415158
415158
415417
415711
415823
415823
415823
415823
415823
415823
415823
415823
415977
415977
415977
415978
415982
415982
415982
415993
416000
416030
416549
416598
416628
416844
416995
417046
417046
417095
417903
417903
417903
418061
418221
418545
418545
418643
418646
418646
418646
418702
418702
418940
418947
418953
419002
419002
419002
419002
419002
419002
419002
419002
419032
419162
419162
419162
419162
419473
419499
419499
420064
420071
420767
420767
420767
420767
420767
420767
420767
420767
420767
420767
420767
420767
421091
421094
421783
421783
421783
421783
421783
421783
421783
421783
421783
421794
422184
422184
422184
422232
422311
422451
422968
423223
423223
423223
423223
423223
423223
423223
423223
423223
423223
423223
423223
423223
423223
423223
423223
423223
423223
423223
423223
423223
423223
423223
423223
423223
423223
423223
423223
423223
423223
423223
423588
423671
423816
423893
423909
423953
423980
423980
424018
424018
424248
424631
424631
424631
424631
425131
425131
425131
425216
425418
425418
425421
425808
425816
425826
425828
425836
425838
425838
425907
426207
426370
426451
426452
426452
426459
426459
426461
426498
426576
426684
426684
426684
426684
426684
426684
426684
426684
426684
426684
426684
426684
426684
426684
426684
426684
426684
426684
426684
426684
426684
426684
426684
426684
426684
426684
426684
426684
426684
426684
426684
426684
426684
426684
426684
426684
426684
426684
426684
426684
426684
426684
426684
426684
426684
426684
426684
426684
426684
426684
426690
426690
426937
426938
426938
426938
426938
426938
426961
427082
427082
427082
427082
427082
427082
427082
427082
427082
427082
427082
427082
427082
427082
427082
427082
427082
427088
427088
427088
427088
427122
427146
427178
427178
427178
427178
427514
428109
428111
428186
428191
428235
428724
428813
428813
429102
429117
429123
429263
429400
429413
429420
429442
429444
429444
429539
429870
429886
430061
430083
430208
430381
430572
430572
430586
430586
430605
430612
430651
430675
430679
431093
431196
431196
431196
431196
431307
431390
431406
431406
431503
431503
431503
431503
431503
431582
431678
431680
431732
432623
432623
432626
432628
432672
432739
432739
432739
432739
432739
432739
432739
432739
432739
432739
432739
432739
432739
432739
432739
432867
433062
433177
433443
433443
433451
433477
433477
433477
433477
433477
433477
433759
434198
434256
434256
434256
434256
434256
434256
434256
434256
434256
434256
434256
434256
434256
434256
434256
434256
434256
434256
434256
434256
434256
434256
434257
434257
434257
434257
434257
434257
434257
434257
434257
434257
434257
434257
434258
434258
434258
434258
434258
434258
434258
434258
434258
434258
434258
434390
434769
434769
434769
434769
434769
434769
434769
434769
434769
434769
434769
434769
434769
434769
434769
434769
434769
434769
434769
434769
434769
435142
435142
435142
435142
435142
435142
435142
435142
435142
435153
435172
435336
435536
435541
435544
435544
435545
435545
435546
435546
435546
435546
435546
435546
435546
435546
435547
435547
435603
435603
435619
435630
435640
435640
435643
435836
435836
435880
435880
435880
435880
435880
435880
435983
436127
436127
436171
436618
436618
436618
436618
436618
436618
436618
436618
436668
436668
436698
436706
436706
437303
437303
437307
438117
438419
438516
438787
438854
438854
438854
438857
438857
438857
438857
438857
438864
438984
439331
439707
440066
440066
440066
440066
440066
440066
440066
440066
440066
440066
440066
440066
440066
440066
440066
440066
440066
440066
440066
440066
440066
440066
440066
440066
440066
440066
440066
440066
440066
440066
440066
440066
440066
440066
440066
440066
440094
440393
440393
440393
440393
440393
440393
440393
440393
440393
440393
440393
440393
440393
440393
440393
440393
440393
440393
440393
440393
440393
440393
440393
440393
440393
440393
440393
440393
440393
440393
440393
440393
440393
440393
440393
440393
440393
440393
440393
440393
440393
440393
440393
440393
440393
440393
440393
440393
440393
440393
440393
440393
440393
440393
440393
440393
440393
440393
440393
440393
440393
440393
440393
440393
440393
440393
440393
440393
440393
440393
440393
440393
440393
440393
440393
440393
440393
440393
440393
440393
440393
440393
440393
440393
440393
440393
440393
440393
440393
440393
440393
440393
440393
440393
440393
440393
440393
440906
441103
441103
441103
441103
441103
441104
441104
441104
441104
441104
441105
441105
441113
441221
441281
441281
441340
441451
441731
441840
441946
442042
442043
442043
442043
442410
442643
442644
442644
442644
442732
442732
442742
442742
442742
442742
442743
442743
442755
442755
442755
442755
442756
442756
442756
442756
442756
442756
442787
442788
442788
442788
442791
442791
442791
442793
442793
442793
442795
442795
442795
442796
442796
442939
442939
442944
442964
443040
443040
443041
443041
443043
443044
443044
443044
443044
443044
443045
443045
443045
443045
443045
443045
443046
443047
443047
443047
443047
443047
443047
443048
443048
443051
443051
443051
443122
443238
443264
443264
443264
443264
443279
443516
443547
443589
443925
444296
444400
444426
444607
444607
444607
444796
444796
444796
444796
444796
444796
444796
444796
444796
444796
444796
444796
444796
444796
444796
444796
444796
444796
444796
444796
444796
445100
445101
445102
445102
445171
445376
445379
445785
446063
446086
446444
446542
446542
446542
446542
446542
446542
446542
446542
446542
446542
446542
446542
446542
446542
446542
446702
446744
446744
446744
447070
447244
447304
447437
447437
447437
447437
447581
447669
447669
447669
447669
447672
447914
447914
447914
447914
447923
447938
447954
447979
447979
448032
448053
448169
448195
448210
448233
448233
448233
448233
448233
448233
448233
448233
448233
448233
448233
448233
448233
448233
448233
448233
448233
448233
448233
448251
448261
448261
448261
448297
448774
448774
448825
448849
448879
448915
448915
448915
448915
449036
449125
449125
449210
449244
449247
449435
449465
449465
449465
449465
449477
449477
449501
449507
449594
449618
449626
449905
449996
449996
450003
450003
450003
450003
450065
450210
450220
450220
450231
450440
450553
450644
450644
450644
450644
450644
450644
450644
450644
450644
450644
451014
451014
451015
451015
451029
451037
451129
451140
451210
451223
451323
451401
451401
451401
451401
451401
451401
451401
451401
451403
451409
451431
451440
451440
451992
451992
451993
452001
452001
452001
452001
452002
452005
452005
452005
452005
452034
452034
452034
452071
452084
452085
452085
452085
452088
452088
452088
452088
452088
452458
452550
453081
453506
453506
453506
453506
453506
453506
453506
453506
453506
453506
453506
453509
453509
453509
453531
453597
453597
453600
453600
453600
453600
453600
453600
453600
453600
453600
453641
453641
453641
453641
453641
453641
453641
453704
453704
453733
453733
453733
453734
453735
453737
453747
453747
453747
453747
453819
453824
453826
453826
453827
454951
455121
455121
455225
455225
455225
455225
455225
455225
455225
455318
455902
456099
456367
456367
456367
456367
456367
457083
457431
457431
457865
457927
458453
458453
458643
458643
459954
459954
459954
459954
459954
459954
459954
459954
460389
460516
460730
460819
460819
461046
461046
461046
461046
461046
461046
461046
461126
461126
461126
461604
461608
462192
462192
462192
462263
462406
462628
463405
463405
463405
463405
463829
464018
464018
464018
464018
464018
464018
464018
464018
464126
464455
464691
465295
466187
466188
466188
466188
466188
466188
466188
466189
466189
466306
467010
467010
468005
468063
468271
468617
468840
468840
468870
469047
469049
469441
469441
469451
469451
469488
470110
470523
470523
470757
471315
471830
472277
472354
472354
472409
472409
472409
472409
472409
472409
472409
472409
472409
472409
472409
472409
472409
472409
472409
472409
472409
472409
472777
473079
473083
473139
473157
473308
473310
473310
473310
473622
473691
473702
473702
473702
473702
473702
473702
473702
473702
473702
473702
473702
473702
473702
473702
473702
473702
473702
473702
473702
473702
473702
473702
473702
473702
473702
473702
473702
473702
473702
473702
473702
473702
473702
473702
473702
473702
473702
473702
473702
473702
473702
473702
473702
473702
473702
473702
473702
473702
473702
473702
473703
473703
473703
473703
473703
473703
473703
473703
473703
473703
473703
473703
473703
473703
473703
473703
473703
473905
474132
474165
474187
474187
474253
474307
474460
474472
474472
474472
474472
474472
474473
474473
474474
474474
474474
474474
474475
474475
474475
474475
474475
474475
474475
474475
474475
474475
474476
474476
474476
474476
474476
474476
474477
474478
474478
474478
474478
474478
474480
474480
474481
474481
474487
474488
474488
474489
474489
474639
474665
475055
475055
475055
475055
475055
475583
475583
475583
475824
476546
476554
476559
476585
476593
476970
476970
477349
477551
477778
477778
477834
478200
478340
478431
478431
478494
478975
479126
479126
479126
479169
479198
479213
479213
479213
479281
479417
479468
479483
480213
480213
480213
480379
480641
480641
480643
480688
480698
481120
481172
481172
481514
481581
481582
481582
481582
481582
481582
481582
481582
481583
481583
481583
481588
481774
481775
482057
482098
482125
482734
483312
483312
483312
483312
483312
483312
483312
483312
483312
483312
483312
483312
483312
483313
483313
483313
483313
483316
483316
483316
483316
483316
483316
483316
483316
483316
483316
483316
483316
483316
483316
483331
483950
483950
483950
483950
483950
484224
484509
484532
484719
485246
485246
485340
485426
485584
485953
485953
486169
486169
486169
486169
486194
486236
486236
486236
486796
486796
486796
486796
486895
486895
486895
486895
486933
486941
486952
487039
487917
487917
487917
488893
489901
490039
490067
490080
490080
490080
490080
490080
490080
490080
490097
491227
491277
491288
493109
493211
493255
493422
494001
494286
494340
494340
494359
497166
497601
497931
498503
498503
498503
498503
498503
498503
498503
498503
498503
498503
498503
498503
498503
499000
499159
500181
501454
501549
505922
509245
510169
510277
510322
510510
510617
510689
510705
510707
510732
510805
510805
510805
510805
510805
510805
510805
510805
510805
510805
510805
510805
510805
510805
510805
510805
510807
510830
510926
510950
510985
511033
511058
511058
511061
511118
511119
511197
511271
511271
511317
511317
511317
511332
511360
511377
511388
511413
511516
511558
511563
511563
511777
511786
511832
512106
512107
512107
512107
512107
512107
512107
512107
512107
512230
512230
512230
512230
512230
512230
512230
512230
512230
512230
512230
512230
512268
512423
512659
512661
512876
512992
512992
512992
512992
512992
512992
512992
512992
512992
512992
513253
513503
513547
513547
513871
513874
513897
514021
514195
514195
514225
514251
514348
514377
514377
514377
514377
514377
514377
514377
514377
514401
514478
514582
514588
514599
514616
514616
514616
514616
514616
514616
514616
514616
514616
514616
514616
514621
514759
514783
514793
514820
514867
514887
514968
514968
515072
515190
515213
515237
515288
515288
515307
515307
515340
515354
515368
515549
515549
515597
515665
515676
515676
515676
515676
515676
515676
515676
515676
515676
515676
515676
515676
515676
515676
515676
515676
515676
515676
515676
515676
515676
515676
515676
515678
515678
515678
515937
515942
515942
515942
515942
515942
516075
516075
516075
516278
516423
516693
516693
516732
517081
517148
517148
517148
517223
517279
517279
517279
517279
517422
517431
517545
517545
517546
517546
517546
517546
517546
517546
517546
517546
517546
517546
517552
517572
517572
517572
517572
517572
517635
517800
517800
517800
517800
517800
517800
517800
517800
517805
517805
517805
517805
517805
517805
517805
517805
517805
517805
517805
517805
517805
517805
517805
517805
517805
517805
517805
517805
517805
517805
517805
517805
517805
517805
517805
517805
517805
517805
517805
517805
517805
517805
517805
517805
517805
517805
517805
517805
517805
517805
517805
517805
517805
517805
517805
517805
517805
517805
517805
517805
517805
517805
517805
517869
517895
518116
518116
518116
518116
518116
518116
518127
518127
518127
518127
518155
518155
518155
518670
518725
518725
518725
518725
518725
518752
518941
518941
518941
518941
518941
518941
518941
519123
519123
519123
519123
519123
519123
519234
519269
519292
519322
519334
519452
519452
519955
520250
520278
520583
520602
520602
520671
520711
520711
520943
521131
521307
521333
521333
521333
521333
521333
521333
521333
521333
521333
521333
521730
521849
521853
521853
521853
521853
521853
521853
521870
521870
522096
522096
522303
522303
522303
522303
522303
522303
522511
522662
522704
522879
522879
522879
522879
522879
522887
523081
523465
523465
523609
523609
523609
523914
523914
523914
523914
523914
523914
523957
523957
523957
523957
523982
524038
524300
524363
524366
524366
524366
524366
524582
524708
524866
525363
525363
525363
525363
525363
525363
525363
525363
525363
525363
525363
525363
525413
525475
525881
525895
525897
525897
525995
526218
526218
526219
526600
526809
526815
526929
526929
526929
526929
526929
526929
526956
527319
527368
527480
527505
527515
527515
527515
527515
527515
527515
527519
527519
527519
527519
527519
527520
527520
527521
527521
527521
528061
528072
528149
528149
528215
528217
528217
528535
528535
528749
528749
528772
528847
528891
529099
529099
529107
529107
529115
529149
529149
529262
529262
529263
529699
529950
530046
530264
530264
530379
530880
531105
531106
531106
531258
531258
531259
531259
531260
531260
531260
531634
531815
531881
532152
532211
532211
532839
532839
532839
532839
532839
532839
533248
533248
533248
533248
533248
533248
533248
533248
533248
533248
533248
533248
533248
533248
533267
533814
533866
533866
533866
534348
534348
534466
534636
534636
534859
534860
534860
534875
534875
535041
535041
535272
535586
535878
535878
536013
536013
536062
536062
536062
536088
536088
536217
536224
536291
536586
536759
536925
536995
537802
537811
537811
537993
537993
539217
539277
539406
539860
539882
540219
540219
540219
540219
540322
540324
540324
540324
540324
540633
540653
540653
540769
540789
540789
541065
541413
541449
542179
542217
542418
542418
542418
542418
542418
542418
542418
542418
542418
542418
542418
542418
542418
542418
542418
542418
542418
542418
542418
542418
542418
542418
542418
542418
542418
542418
542418
542418
542418
542418
542432
542432
542432
542432
542432
542432
542432
542432
542432
542538
542539
542539
542543
542543
542784
543360
543440
543632
543639
543831
543997
544047
544047
544283
544400
544430
544448
544489
544544
544579
544612
544612
544612
544612
544614
544614
544614
544658
544723
544736
544792
544799
544927
544927
544927
545064
545313
545313
545432
545448
545448
545468
545468
545749
545751
545756
545756
545756
545756
545756
545756
545756
545981
546025
546063
546081
546162
546188
546188
546199
546213
546213
546213
546221
546239
546268
546316
546316
546325
546325
546325
546325
546325
546325
546325
546325
546325
546386
546386
546421
546604
546616
546616
546616
546616
546616
546616
546616
546616
546630
546632
546633
546638
546638
546645
546657
546702
547182
547182
547415
547504
548042
548042
549033
549170
549292
549460
549460
549636
549686
549806
550114
550114
550633
550703
550710
550729
550743
550743
550807
550860
550883
550943
550969
551010
551027
551029
551029
551029
551029
551029
551029
551046
551046
551056
551062
551079
551128
551141
551141
551164
551257
551292
551299
551300
551304
551357
551384
551398
551409
551791
551906
551938
552276
552322
552330
552353
552393
552393
552393
552433
552433
552433
552433
552433
552433
552433
552433
552433
552433
552433
552437
552486
552486
552489
552489
552489
552489
552490
552490
552490
552490
552490
552490
552490
552490
552490
552736
552736
552736
552851
552851
552851
552869
553701
553784
553874
553896
553907
553950
554012
554527
554908
554908
554918
555426
556338
556926
557149
557267
557914
557914
557920
558158
558158
558158
558158
558158
558210
558341
558490
558958
558958
559309
559427
559430
559430
559436
559460
559460
559460
559591
559591
559591
559591
559767
559828
559832
559920
559994
559994
559994
559994
559994
561291
562250
564400
580369
582136
583671
585775
591644
595466
597261
599150
599421
601100
601100
601100
601100
601100
601100
601100
601100
601100
601100
601100
601100
601100
601100
601100
601100
601100
601100
601100
601100
601100
601100
601100
601100
601100
601100
601100
601100
601101
601101
601101
601101
601101
601101
601101
601120
601120
601120
601130
601142
601142
601149
601149
601149
601149
601195
609004
612481
617200
618413
622091
625040
627514
631281
631631
631631
631635
631636
631650
634438
634698
640342
643081
653105
660245
663211
665298
676158
679473
681690
685940
687174
691099
697219
698956
699833
